44
60
26
25
71
41
42
15
32
37
6
52
8
17
42
12
51
75
43
10
112
40
82
7
22
7
53
35
14
20
34
6
16
65
27
65
8
17
59
32
36
24
30
32
4
15
126
5
16
17
10
32
31
24
13
19
9
4
5
5
8
5
22
4
57
23
5
24
40
54
5
33
7
6
10
13
6
8
33
16
89
4
17
13
21
30
12
26
6
15
32
11
25
8
18
9
13
5
24
93
26
10
16
6
14
7
24
11
29
12
39
5
16
7
4
17
6
6
7
29
21
19
14
20
22
12
29
31
4
32
18
6
8
38
22
25
9
116
11
9
43
12
12
11
6
34
19
8
10
16
20
8
4
22
27
18
6
35
4
16
4
24
10
15
20
25
17
29
7
22
6
4
6
13
36
5
8
8
7
13
7
14
12
51
171
4
62
51
7
13
12
73
12
9
14
13
13
21
5
134
6
9
12
9
16
13
13
4
7
13
11
8
22
8
15
25
13
9
9
18
22
24
11
5
7
6
17
12
64
7
48
27
25
10
9
11
15
18
11
5
8
7
18
7
29
16
5
6
5
9
5
10
9
4
4
13
15
4
5
25
32
22
21
4
4
5
6
20
17
14
5
17
34
11
4
16
11
19
12
39
9
8
14
37
5
32
8
8
64
59
13
64
65
4
5
13
19
30
23
10
11
23
6
13
9
5
9
6
6
22
11
8
7
87
28
10
11
4
14
27
16
41
14
19
25
7
21
31
19
6
19
8
9
13
38
18
6
14
26
9
5
11
4
8
25
9
5
13
6
23
6
5
19
20
26
6
5
26
8
11
19
15
6
15
27
31
11
16
7
4
5
5
13
11
9
9
11
8
23
28
13
8
22
25
6
4
5
38
17
65
13
6
6
11
19
30
13
14
6
22
22
20
42
97
11
40
33
6
4
9
8
5
25
61
7
4
20
38
24
15
41
58
10
5
56
4
17
51
31
9
12
26
33
61
22
14
13
48
176
6
9
20
8
41
13
5
8
9
9
16
29
62
15
10
7
17
4
21
21
7
4
21
5
19
4
11
8
5
23
30
6
15
16
11
29
6
7
4
48
6
21
15
5
56
6
6
4
28
153
22
22
7
17
42
20
19
23
25
13
20
26
4
8
5
11
24
55
9
6
29
8
26
24
74
75
4
5
12
5
5
36
4
9
21
11
43
7
39
13
29
38
82
27
13
4
14
6
6
19
11
13
9
7
13
39
4
6
7
13
7
24
38
4
4
4
6
12
63
8
37
30
7
16
14
5
4
4
4
4
39
10
7
17
5
20
10
4
4
14
8
8
13
10
4
23
13
31
9
5
5
4
8
72
6
115
11
10
27
4
19
7
9
16
8
49
14
14
134
10
28
15
16
28
6
26
11
8
20
4
5
16
10
32
12
12
33
8
29
16
13
6
14
9
6
36
4
17
12
9
5
7
7
5
16
9
15
9
10
73
18
56
10
5
34
54
22
20
14
6
34
13
12
4
5
5
6
17
4
9
12
10
9
5
4
11
10
20
4
17
16
16
7
9
5
5
5
14
14
28
20
16
5
10
15
21
9
8
32
4
69
14
14
8
13
5
12
11
21
9
20
5
48
20
13
8
4
6
7
18
7
12
8
7
23
25
27
17
12
8
12
8
8
9
4
33
7
22
6
24
6
14
10
23
44
32
20
9
29
21
38
12
10
4
10
7
4
6
10
11
33
6
66
10
9
15
54
11
9
7
24
17
4
8
5
16
16
31
5
8
15
5
5
9
22
17
11
13
5
4
8
15
26
11
25
6
4
10
13
8
23
7
25
7
12
12
22
16
14
4
9
11
13
15
39
31
20
28
33
16
33
13
12
22
31
16
5
9
10
13
19
14
8
29
18
16
33
88
28
4
5
4
14
4
5
53
26
7
11
4
13
9
4
4
26
33
4
5
4
4
28
15
6
8
12
17
7
23
19
15
15
9
10
21
22
22
9
39
10
11
13
10
13
13
9
7
16
18
6
4
11
48
5
4
4
4
20
8
33
12
8
8
14
15
4
13
95
5
10
38
17
8
89
4
33
87
8
5
18
4
5
4
15
4
36
14
6
6
22
39
14
13
16
7
109
6
11
23
14
4
11
11
9
12
41
28
5
7
8
17
13
22
11
30
12
8
11
28
12
31
14
9
6
4
17
7
46
25
11
19
52
4
11
28
21
10
5
52
5
4
4
11
5
6
4
11
5
22
5
7
17
38
12
9
16
12
7
8
7
13
9
33
5
11
5
15
22
7
5
6
7
15
36
40
16
27
5
17
8
23
7
17
105
16
8
11
28
13
22
8
7
22
5
51
4
18
29
15
35
15
5
9
10
7
9
6
6
21
31
21
4
5
10
23
16
19
19
22
7
4
12
8
5
17
20
24
19
10
17
7
9
42
8
21
20
20
23
9
14
7
33
4
6
9
6
5
8
127
4
62
41
16
11
9
8
7
9
4
4
10
15
13
11
19
12
26
20
5
6
34
14
10
6
5
42
12
17
15
4
5
10
10
6
5
14
9
32
25
49
5
50
47
11
9
4
6
14
36
7
43
4
9
5
5
27
59
10
4
4
21
4
5
8
8
15
26
27
4
9
11
19
6
6
7
58
36
43
21
38
5
9
5
10
20
10
5
31
25
23
14
24
8
4
19
14
22
9
12
167
9
12
8
25
13
12
9
12
54
10
13
27
8
5
6
5
4
13
8
4
43
13
50
11
52
4
4
9
4
5
10
8
14
45
55
24
9
33
25
12
16
81
8
32
5
11
5
5
29
12
20
22
4
9
10
6
16
15
5
30
7
44
12
12
13
12
45
8
19
40
19
13
18
26
8
9
20
19
7
12
8
50
15
23
5
46
4
14
5
12
31
6
5
7
43
5
4
13
4
25
5
114
16
5
8
9
9
14
28
8
16
11
36
30
8
29
9
12
30
10
10
5
17
9
8
28
6
17
48
19
34
4
55
7
35
10
12
7
37
26
12
23
12
11
9
15
4
4
58
21
15
10
16
10
6
4
9
108
16
15
15
23
42
15
89
5
9
18
42
10
4
5
66
19
4
8
18
27
14
8
7
30
9
89
4
11
13
12
8
18
8
30
36
16
4
30
4
30
30
10
4
35
7
5
33
32
12
27
5
9
21
6
7
10
8
4
8
16
9
39
28
7
4
10
20
22
7
9
22
35
13
50
6
46
9
63
48
5
38
13
4
17
5
4
23
10
34
10
15
10
11
21
5
22
16
7
5
9
9
25
21
11
10
20
9
61
14
76
14
36
14
10
4
25
60
45
4
14
20
30
8
15
72
16
6
12
40
6
6
12
9
17
7
33
10
21
23
11
9
29
11
13
15
21
7
34
7
37
7
5
10
6
6
7
11
26
6
22
62
22
4
5
5
15
7
10
21
17
24
10
18
5
11
5
11
11
4
56
32
10
43
8
50
7
6
54
35
16
35
21
21
39
17
10
4
9
5
15
24
7
20
16
11
10
6
9
31
6
13
12
37
5
44
7
15
12
11
6
28
31
6
10
26
5
37
13
20
47
13
17
6
15
4
25
6
17
15
4
13
7
11
14
5
5
50
59
34
15
35
45
28
28
14
24
10
25
22
6
20
4
10
7
54
10
9
5
73
27
8
6
27
22
13
63
7
12
5
110
18
6
98
12
21
10
12
4
15
22
7
4
17
15
4
4
33
4
22
12
34
4
27
41
4
25
4
21
12
6
42
20
8
50
18
27
5
37
115
41
4
5
9
5
20
49
43
5
4
30
7
95
5
14
5
8
6
4
26
15
18
16
14
21
16
20
5
18
15
5
6
14
16
31
39
5
7
5
6
28
4
6
14
50
4
13
12
15
6
8
6
6
10
9
8
24
27
6
14
5
13
12
59
4
20
4
22
19
37
4
18
33
21
9
5
34
22
55
10
19
4
8
6
13
5
26
4
10
6
4
5
8
11
10
8
19
35
4
6
25
7
18
8
20
29
28
23
36
42
13
7
4
5
9
9
14
4
102
18
6
11
6
10
8
7
11
62
5
12
12
9
5
38
12
6
8
16
35
4
6
16
4
22
8
7
21
9
6
10
27
20
36
29
8
33
5
27
4
12
7
7
31
25
7
27
15
8
31
17
8
31
18
9
10
4
57
37
14
11
9
8
14
46
7
4
8
7
10
7
4
6
55
10
77
23
16
31
7
4
7
42
13
7
5
10
10
15
17
13
10
5
7
6
30
15
12
31
21
22
54
6
8
4
12
5
7
44
37
16
10
14
25
7
57
17
11
7
7
30
5
31
18
20
31
14
7
11
16
24
14
42
25
14
24
46
6
62
21
8
8
15
54
26
23
5
4
15
5
19
7
13
17
14
13
9
45
8
17
27
42
37
35
15
6
32
14
40
16
12
41
7
8
9
26
5
12
34
36
7
4
11
11
31
6
27
51
33
9
4
8
5
10
4
8
24
4
10
25
21
38
15
5
54
4
73
65
7
8
11
5
9
51
18
5
20
15
20
5
37
5
10
4
13
52
33
56
51
7
20
21
7
32
7
5
30
56
16
4
15
8
77
29
51
9
43
8
11
45
29
5
16
47
28
40
15
4
6
13
42
15
8
5
16
20
4
4
13
8
5
4
5
21
21
11
11
19
32
4
23
34
7
41
21
43
12
32
6
15
29
6
13
7
10
8
10
9
6
15
18
20
34
21
5
16
26
11
38
28
29
7
8
58
64
18
30
83
7
4
5
77
80
3
11
6
6
5
13
8
12
14
18
5
10
10
5
42
4
10
16
6
4
43
19
6
77
4
13
16
36
10
7
9
13
19
19
35
19
31
40
41
12
10
19
34
7
29
18
59
8
5
4
7
83
11
28
5
18
10
43
6
23
12
18
9
19
12
7
9
17
5
11
7
4
4
18
8
5
31
11
13
12
26
11
5
29
5
18
4
27
21
6
8
6
28
11
49
4
8
4
7
65
13
17
36
8
34
61
4
21
7
17
10
22
45
55
27
8
16
4
5
44
9
11
4
5
7
4
57
6
12
5
31
6
57
5
4
10
7
18
5
132
8
9
29
13
14
17
58
10
6
44
79
15
19
9
14
14
31
12
7
58
7
8
9
16
17
10
7
27
49
9
14
6
39
5
9
12
26
8
8
15
17
9
44
14
9
16
11
16
5
5
26
4
6
32
8
20
4
7
5
7
18
9
7
25
6
7
6
11
4
14
5
34
13
15
95
8
71
7
22
30
46
7
15
59
10
13
25
142
28
6
5
21
6
18
37
8
8
50
21
25
38
9
8
8
9
15
12
17
5
15
11
5
16
19
6
7
36
8
13
39
84
93
17
67
6
4
12
17
54
15
18
5
32
7
8
16
8
6
14
38
117
11
59
4
8
9
5
6
72
5
15
12
36
11
13
4
6
8
14
64
9
23
37
36
30
26
6
5
21
10
14
46
6
10
10
39
6
4
26
21
15
5
20
6
39
23
4
15
5
23
45
31
9
9
25
13
6
32
9
13
64
36
31
9
93
17
5
9
55
20
137
31
15
6
20
8
22
73
24
4
4
16
9
8
5
5
7
6
17
12
7
13
34
13
9
58
16
17
7
13
40
4
21
25
27
31
15
7
27
18
10
4
56
19
94
6
10
10
9
9
15
9
5
6
18
26
17
5
9
10
43
52
16
6
5
5
9
10
13
12
9
14
26
6
347
136
123
152
97
40
75
65
380
9
31
5
23
117
49
34
81
191
8
5
116
170
17
304
23
5
9
279
77
107
88
22
66
6
57
114
7
8
23
32
5
6
403
79
67
62
274
66
20
15
109
48
44
27
167
71
17
24
5
6
39
114
11
79
36
10
33
32
48
24
324
68
51
7
22
11
24
6
102
14
201
6
126
262
122
117
50
14
4
4
62
94
31
11
119
62
157
82
438
86
4
11
27
14
156
45
8
77
39
7
11
146
52
14
7
114
96
45
14
16
8
95
49
33
17
278
7
15
17
56
47
113
4
12
155
26
33
10
37
35
20
59
15
98
35
78
8
51
29
21
33
22
29
12
81
10
10
12
22
5
7
13
101
70
43
4
98
6
87
48
13
25
10
84
74
22
10
246
92
36
10
4
13
10
195
29
6
22
12
8
78
13
13
13
46
22
75
6
13
17
13
30
12
91
25
4
37
105
103
7
61
20
36
118
76
64
7
29
99
42
24
30
11
6
39
19
50
53
31
65
21
113
125
123
74
114
8
14
252
53
53
84
14
56
128
101
23
6
26
36
59
7
10
76
151
15
4
87
12
50
19
48
15
87
13
12
11
14
19
79
98
4
4
6
91
197
20
13
10
9
35
92
60
63
21
219
15
42
8
4
52
32
10
86
7
14
29
16
41
40
7
102
229
7
29
47
14
61
196
10
19
123
28
25
57
134
15
70
7
17
14
174
44
92
12
20
13
100
37
108
29
13
34
140
52
34
84
30
147
10
9
11
26
195
77
6
31
8
180
9
9
8
28
5
39
38
60
48
33
5
10
32
34
103
160
16
153
6
13
23
197
4
43
16
18
17
72
43
11
10
91
21
33
135
69
45
7
70
120
16
20
134
48
14
47
37
89
32
20
28
64
33
14
7
189
14
23
83
46
6
147
111
129
9
8
7
48
27
46
7
5
72
5
96
24
68
25
79
4
43
78
13
9
36
8
41
22
73
30
5
63
8
12
52
51
18
28
43
144
42
134
137
42
82
115
15
42
13
14
74
13
28
35
5
53
137
28
35
76
46
60
26
17
11
12
5
8
26
39
7
18
33
33
8
9
19
45
33
46
10
10
26
18
31
19
54
69
34
59
8
10
32
12
15
22
11
59
8
53
4
80
187
5
43
14
9
28
24
76
51
67
28
11
71
43
15
7
7
33
101
25
13
78
31
63
21
32
109
44
40
148
7
13
5
9
23
29
6
63
8
6
11
26
17
11
53
30
23
12
69
38
9
78
285
192
101
163
5
67
22
114
4
84
154
80
37
6
12
29
50
92
7
24
16
20
77
24
90
226
32
24
31
4
20
24
20
141
65
179
15
45
240
5
12
22
65
399
14
109
42
21
64
29
57
4
373
11
59
29
38
33
23
63
140
237
155
55
24
68
131
31
388
220
77
95
19
69
154
107
137
88
30
8
24
216
418
7
27
132
46
32
5
26
29
9
26
13
284
9
15
5
41
66
196
9
12
33
18
16
5
16
4
24
29
6
72
18
191
249
20
51
92
10
133
33
